#-limits
#Number-of-spheres
#Number-of-planes
#Number-of-cubes
#Number-of-lights
#Number-of-textures
#Number-of-models

-limits
0 37 0 2 4 1


-textures
pizza.bmp
perro.bmp
muro.bmp
ensalada.bmp

-model
car.3ds
40.0 -180.0 -80.0
5.0 5.0 5.0
1.0 0.0 0.0 1.0      
1.0 0.0 0.0 1.0
1.0 0.0 0.0 1.0




-cam
-60 13 0 10 
0.0 1.0 0.0 
45.6 44 
0.02 0.02 

-light
0.0 10.0 -15.0
0.0 0.0 0.0 1.0
0.0 1.0 0.0 1.0
1.0 1.0 1.0 1.0
0.02 0.02 0.0

-light
0.0 10.0 15.0
0.0 0.0 1.0 1.0
0.0 1.0 1.0 1.0
0.0 0.0 1.0 1.0
0.05 0.05 0.0

#Pizza
-plane 
-10.0 -10.0 0.0    -10.0 10.0 0.0   10.0 10.0 0.0     10.0 -10.0 0.0 
120.0 20.0 139.8
1.0 1.0 1.0 1.0  
1.0 1.0 1.0 1.0      
1.0 1.0 1.0 1.0
1.0 1.0 1.0 1.0
1
0.0 0.0 0.0 2.0
2.0 2.0 2.0 0.0

#Perro
-plane 
0.0 -10.0 10.0    0.0 10.0 10.0   0.0 10.0 -10.0     0.0 -10.0 -10.0 
99.8 20.0 0.0
1.0 1.0 1.0 1.0  
1.0 1.0 1.0 1.0      
1.0 1.0 1.0 1.0
1.0 1.0 1.0 1.0
2
0.0 0.0 0.0 1.0
1.0 1.0 1.0 0.0


#Ensalada
-plane 
0.0 -10.0 -10.0    0.0 10.0 -10.0   0.0 10.0 10.0     0.0 -10.0 10.0 
60.9 20.0 40.0
1.0 1.0 1.0 1.0  
1.0 1.0 1.0 1.0      
1.0 1.0 1.0 1.0
1.0 1.0 1.0 1.0
4
0.0 0.0 0.0 1.0
1.0 1.0 1.0 0.0






#FIRST-PART--------------------------------------------------------------------------------
#DOWN
-plane 
-20.0 0.0 -20.0    -20.0 0.0 20.0  20.0 0.0 20.0     20.0 0.0 -20.0 
0.0 0.0 0.0
0.5 0.5 0.5 1.0  
0.0 1.0 1.0 1.0      
0.0 1.0 1.0 1.0
0.0 1.0 1.0 1.0
0 
0.0 0.0 0.0 1.0
1.0 1.0 1.0 0.0

#UP
-plane 
20.0 0.0 -20.0    20.0 0.0 20.0   -20.0 0.0 20.0     -20.0 0.0 -20.0 
0.0 40.0 0.0
0.5 0.5 0.5 1.0
1.0 1.0 1.0 1.0      
1.0 1.0 1.0 1.0
1.0 1.0 1.0 1.0
0
0.0 0.0 0.0 1.0
1.0 1.0 1.0 0.0

#RIGHT
-plane 
-20.0 -20.0 0.0    -20.0 20.0 0.0   20.0 20.0 0.0     20.0 -20.0 0.0 
0.0 20.0 20.0
0.5 0.5 0.5 1.0 
1.0 1.0 1.0 1.0      
1.0 1.0 1.0 1.0
1.0 1.0 1.0 1.0
3
0.0 0.0 0.0 1.0
1.0 1.0 1.0 0.0

#LEFT
-plane 
20.0 -20.0 0.0    20.0 20.0 0.0   -20.0 20.0 0.0     -20.0 -20.0 0.0 
0.0 20.0 -20.0
0.5 0.5 0.5 1.0
1.0 1.0 1.0 1.0      
1.0 1.0 1.0 1.0
1.0 1.0 1.0 1.0
3
0.0 0.0 0.0 1.0
1.0 1.0 1.0 0.0

#BACK
-plane 
0.0 -20.0 -20.0    0.0 20.0 -20.0   0.0 20.0 20.0     0.0 -20.0 20.0 
-20.0 20.0 0.0
0.5 0.5 0.5 1.0 
1.0 1.0 1.0 1.0      
1.0 1.0 1.0 1.0
1.0 1.0 1.0 1.0
3
0.0 0.0 0.0 1.0
1.0 1.0 1.0 0.0
#--------------------------------------------------------------------------------


#SECOND PART---------------------------------------------------------------------
#DOWN
-plane 
-20.0 0.0 -20.0    -20.0 0.0 20.0  20.0 0.0 20.0     20.0 0.0 -20.0 
40.0 0.0 0.0
0.5 0.5 0.5 1.0 
1.0 1.0 1.0 1.0      
1.0 1.0 1.0 1.0
1.0 1.0 1.0 1.0
3
0.0 0.0 0.0 1.0
1.0 1.0 1.0 0.0

#UP
-plane 
20.0 0.0 -20.0    20.0 0.0 20.0   -20.0 0.0 20.0     -20.0 0.0 -20.0 
40.0 40.0 0.0
0.5 0.5 0.5 1.0  
1.0 1.0 1.0 1.0      
1.0 1.0 1.0 1.0
1.0 1.0 1.0 1.0
3
0.0 0.0 0.0 1.0
1.0 1.0 1.0 0.0

#RIGHT
-plane 
-20.0 -20.0 0.0    -20.0 20.0 0.0   20.0 20.0 0.0     20.0 -20.0 0.0 
40.0 20.0 20.0
0.5 0.5 0.5 1.0  
1.0 1.0 1.0 1.0      
1.0 1.0 1.0 1.0
1.0 1.0 1.0 1.0
3
0.0 0.0 0.0 1.0
1.0 1.0 1.0 0.0

#LEFT
-plane 
20.0 -20.0 0.0    20.0 20.0 0.0   -20.0 20.0 0.0     -20.0 -20.0 0.0 
40.0 20.0 -20.0
0.5 0.5 0.5 1.0 
1.0 1.0 1.0 1.0      
1.0 1.0 1.0 1.0
1.0 1.0 1.0 1.0
3
0.0 0.0 0.0 1.0
1.0 1.0 1.0 0.0
#--------------------------------------------------------------------------------



#THIRD-PART---------------------------------------------------------------------
#DOWN
-plane 
-20.0 0.0 -20.0    -20.0 0.0 20.0  20.0 0.0 20.0     20.0 0.0 -20.0 
80.0 0.0 0.0
0.5 0.5 0.5 1.0  
1.0 1.0 1.0 1.0      
1.0 1.0 1.0 1.0
1.0 1.0 1.0 1.0
3
0.0 0.0 0.0 1.0
1.0 1.0 1.0 0.0

#UP
-plane 
20.0 0.0 -20.0    20.0 0.0 20.0   -20.0 0.0 20.0     -20.0 0.0 -20.0 
80.0 40.0 0.0
0.5 0.5 0.5 1.0  
1.0 1.0 1.0 1.0      
1.0 1.0 1.0 1.0
1.0 1.0 1.0 1.0
3
0.0 0.0 0.0 1.0
1.0 1.0 1.0 0.0

#FRONT
-plane 
0.0 -20.0 20.0    0.0 20.0 20.0   0.0 20.0 -20.0     0.0 -20.0 -20.0 
100.0 20.0 0.0
0.5 0.5 0.5 1.0 
1.0 1.0 1.0 1.0      
1.0 1.0 1.0 1.0
1.0 1.0 1.0 1.0
3
0.0 0.0 0.0 1.0
1.0 1.0 1.0 0.0
#--------------------------------------------------------------------------------

#LEFT-ROAD-PART---------------------------------------------------------------------
#DOWN
-plane 
-20.0 0.0 -20.0    -20.0 0.0 20.0  20.0 0.0 20.0     20.0 0.0 -20.0 
80.0 0.0 -40.0
0.5 0.5 0.5 1.0  
1.0 1.0 1.0 1.0      
1.0 1.0 1.0 1.0
1.0 1.0 1.0 1.0
3
0.0 0.0 0.0 1.0
1.0 1.0 1.0 0.0

#UP
-plane 
20.0 0.0 -20.0    20.0 0.0 20.0   -20.0 0.0 20.0     -20.0 0.0 -20.0 
80.0 40.0 -40.0
0.5 0.5 0.5 1.0  
1.0 1.0 1.0 1.0      
1.0 1.0 1.0 1.0
1.0 1.0 1.0 1.0
3
0.0 0.0 0.0 1.0
1.0 1.0 1.0 0.0

#LEFT
-plane 
20.0 -20.0 0.0    20.0 20.0 0.0   -20.0 20.0 0.0     -20.0 -20.0 0.0 
80.0 20.0 -60.0
0.5 0.5 0.5 1.0 
1.0 1.0 1.0 1.0      
1.0 1.0 1.0 1.0
1.0 1.0 1.0 1.0
3  
0.0 0.0 0.0 1.0
1.0 1.0 1.0 0.0

#BACK
-plane 
0.0 -20.0 -20.0    0.0 20.0 -20.0   0.0 20.0 20.0     0.0 -20.0 20.0 
60.0 20.0 -40.0
0.5 0.5 0.5 1.0
1.0 1.0 1.0 1.0      
1.0 1.0 1.0 1.0
1.0 1.0 1.0 1.0
3  
0.0 0.0 0.0 1.0
1.0 1.0 1.0 0.0

#FRONT
-plane 
0.0 -20.0 20.0    0.0 20.0 20.0   0.0 20.0 -20.0     0.0 -20.0 -20.0 
100.0 20.0 -40.0
0.5 0.5 0.5 1.0 
1.0 1.0 1.0 1.0      
1.0 1.0 1.0 1.0
1.0 1.0 1.0 1.0
3  
0.0 0.0 0.0 1.0
1.0 1.0 1.0 0.0
#--------------------------------------------------------------------------------

#RIGHT-ROAD-PART-1---------------------------------------------------------------------
#DOWN
-plane 
-20.0 0.0 -20.0    -20.0 0.0 20.0  20.0 0.0 20.0     20.0 0.0 -20.0 
80.0 0.0 40.0
0.5 0.5 0.5 1.0 
1.0 1.0 1.0 1.0      
1.0 1.0 1.0 1.0
1.0 1.0 1.0 1.0
3
0.0 0.0 0.0 1.0
1.0 1.0 1.0 0.0

#UP
-plane 
20.0 0.0 -20.0    20.0 0.0 20.0   -20.0 0.0 20.0     -20.0 0.0 -20.0 
80.0 40.0 40.0
0.5 0.5 0.5 1.0 
1.0 1.0 1.0 1.0      
1.0 1.0 1.0 1.0
1.0 1.0 1.0 1.0
3
0.0 0.0 0.0 1.0
1.0 1.0 1.0 0.0

#BACK
-plane 
0.0 -20.0 -20.0    0.0 20.0 -20.0   0.0 20.0 20.0     0.0 -20.0 20.0 
60.0 20.0 40.0
0.5 0.5 0.5 1.0
1.0 1.0 1.0 1.0      
1.0 1.0 1.0 1.0
1.0 1.0 1.0 1.0
3  
0.0 0.0 0.0 1.0
1.0 1.0 1.0 0.0

#FRONT
-plane 
0.0 -20.0 20.0    0.0 20.0 20.0   0.0 20.0 -20.0     0.0 -20.0 -20.0 
100.0 20.0 40.0
0.5 0.5 0.5 1.0 
1.0 1.0 1.0 1.0      
1.0 1.0 1.0 1.0
1.0 1.0 1.0 1.0
3   
0.0 0.0 0.0 1.0
1.0 1.0 1.0 0.0
#--------------------------------------------------------------------------------

#RIGHT-ROAD-PART-2---------------------------------------------------------------------
#DOWN
-plane 
-20.0 0.0 -20.0    -20.0 0.0 20.0  20.0 0.0 20.0     20.0 0.0 -20.0 
80.0 0.0 80.0
0.5 0.5 0.5 1.0
1.0 1.0 1.0 1.0      
1.0 1.0 1.0 1.0
1.0 1.0 1.0 1.0
3
0.0 0.0 0.0 1.0
1.0 1.0 1.0 0.0

#UP
-plane 
20.0 0.0 -20.0    20.0 0.0 20.0   -20.0 0.0 20.0     -20.0 0.0 -20.0 
80.0 40.0 80.0
0.5 0.5 0.5 1.0
1.0 1.0 1.0 1.0      
1.0 1.0 1.0 1.0
1.0 1.0 1.0 1.0
3
0.0 0.0 0.0 1.0
1.0 1.0 1.0 0.0

#BACK
-plane 
0.0 -20.0 -20.0    0.0 20.0 -20.0   0.0 20.0 20.0     0.0 -20.0 20.0 
60.0 20.0 80.0
0.5 0.5 0.5 1.0
1.0 1.0 1.0 1.0      
1.0 1.0 1.0 1.0
1.0 1.0 1.0 1.0
3  
0.0 0.0 0.0 1.0
1.0 1.0 1.0 0.0

#FRONT
-plane 
0.0 -20.0 20.0    0.0 20.0 20.0   0.0 20.0 -20.0     0.0 -20.0 -20.0 
100.0 20.0 80.0
0.5 0.5 0.5 1.0 
1.0 1.0 1.0 1.0      
1.0 1.0 1.0 1.0
1.0 1.0 1.0 1.0
3   
0.0 0.0 0.0 1.0
1.0 1.0 1.0 0.0
#--------------------------------------------------------------------------------

#RIGHT-ROAD-PART-3---------------------------------------------------------------------
#DOWN
-plane 
-20.0 0.0 -20.0    -20.0 0.0 20.0  20.0 0.0 20.0     20.0 0.0 -20.0 
80.0 0.0 120.0
0.5 0.5 0.5 1.0
1.0 1.0 1.0 1.0      
1.0 1.0 1.0 1.0
1.0 1.0 1.0 1.0
3
0.0 0.0 0.0 1.0
1.0 1.0 1.0 0.0

#UP
-plane 
20.0 0.0 -20.0    20.0 0.0 20.0   -20.0 0.0 20.0     -20.0 0.0 -20.0 
80.0 40.0 120.0
0.5 0.5 0.5 1.0
1.0 1.0 1.0 1.0      
1.0 1.0 1.0 1.0
1.0 1.0 1.0 1.0
3
0.0 0.0 0.0 1.0
1.0 1.0 1.0 0.0

#BACK
-plane 
0.0 -20.0 -20.0    0.0 20.0 -20.0   0.0 20.0 20.0     0.0 -20.0 20.0 
60.0 20.0 120.0
0.5 0.5 0.5 1.0
1.0 1.0 1.0 1.0      
1.0 1.0 1.0 1.0
1.0 1.0 1.0 1.0
3  
0.0 0.0 0.0 1.0
1.0 1.0 1.0 0.0


#RIGHT
-plane 
-20.0 -20.0 0.0    -20.0 20.0 0.0   20.0 20.0 0.0     20.0 -20.0 0.0 
80.0 20.0 140.0
0.5 0.5 0.5 1.0
1.0 1.0 1.0 1.0      
1.0 1.0 1.0 1.0
1.0 1.0 1.0 1.0
3
0.0 0.0 0.0 1.0
1.0 1.0 1.0 0.0

  
#--------------------------------------------------------------------------------


#RIGHT-UP-ROAD-PART-4---------------------------------------------------------------------
#DOWN
-plane 
-20.0 0.0 -20.0    -20.0 0.0 20.0  20.0 0.0 20.0     20.0 0.0 -20.0 
120.0 0.0 120.0
0.5 0.5 0.5 1.0 
1.0 1.0 1.0 1.0      
1.0 1.0 1.0 1.0
1.0 1.0 1.0 1.0
3
0.0 0.0 0.0 1.0
1.0 1.0 1.0 0.0

#UP
-plane 
20.0 0.0 -20.0    20.0 0.0 20.0   -20.0 0.0 20.0     -20.0 0.0 -20.0 
120.0 40.0 120.0
0.5 0.5 0.5 1.0
1.0 1.0 1.0 1.0      
1.0 1.0 1.0 1.0
1.0 1.0 1.0 1.0
3
0.0 0.0 0.0 1.0
1.0 1.0 1.0 0.0

#FRONT
-plane 
0.0 -20.0 20.0    0.0 20.0 20.0   0.0 20.0 -20.0     0.0 -20.0 -20.0 
140.0 20.0 120.0
0.5 0.5 0.5 1.0
1.0 1.0 1.0 1.0      
1.0 1.0 1.0 1.0
1.0 1.0 1.0 1.0
3  
0.0 0.0 0.0 1.0
1.0 1.0 1.0 0.0


#RIGHT
-plane 
-20.0 -20.0 0.0    -20.0 20.0 0.0   20.0 20.0 0.0     20.0 -20.0 0.0 
120.0 20.0 140.0
0.5 0.5 0.5 1.0
1.0 1.0 1.0 1.0      
1.0 1.0 1.0 1.0
1.0 1.0 1.0 1.0
3
0.0 0.0 0.0 1.0
1.0 1.0 1.0 0.0

#LEFT
-plane 
20.0 -20.0 0.0    20.0 20.0 0.0   -20.0 20.0 0.0     -20.0 -20.0 0.0 
120.0 20.0 100.0
0.5 0.5 0.5 1.0 
1.0 1.0 1.0 1.0      
1.0 1.0 1.0 1.0
1.0 1.0 1.0 1.0
3  
0.0 0.0 0.0 1.0
1.0 1.0 1.0 0.0
#--------------------------------------------------------------------------------













